0.1885733802033538,0.9387328902781613,1.343061642829435,-2.521225093013329,2.893375706938496,-1.659503536462875,-2.4924049719539516,-1.5684175226746024,3.7295919562930133,1.2873321108110458,0.48011143926777367,0.15071125568186705,3.127745149337806,1.521944805391922,3.804542355921194,-2.02282161515333,-2.9774943091450554,0.989122257909552,-1.919873252089737,2.8959268155034774,0.5309573899971971,1.4326786430112106,0.6716348029582937,0.15722409054725106,-1.650223720064573,-0.38382367178514265,-1.3030721875498255,1.2651981682774425,-0.35694289591835426,0.5232821943122965,-1.923555507716522,-2.116944389884007,-2.8711159965189967,1.965190447118779,0.750400849440938,-2.977884329391254,3.0503818495274175,-0.5274576850633945,-2.8340634048966304,0.19750022140134327,-0.7009226596247187,1.2908084239031878,0.2443702033916928,-1.1945418112095645,1.7043162837661647,-1.9784290596963197,1.1140835145179615,-2.273730017770598
rnd 	java.util.Random@6504e3b2
numHidden 	5
numGenes 	48
minGene 	-3.0
maxGene 	3.0
popSize 	200
maxEvaluations 	20000
mutateRate 	0.04
mutateChange 	0.1
tournamentSize 	6.0
crossoverProbability 	1.0
seed 	1585931914253
random 	java.util.Random@1c4af82c
neuralNetworkClass 	class coursework.ExampleHillClimber
Training Set Training
Fitness 0.006076551593481827