4.60782330605066,-3.3609722201499714,-4.965207344851713,-1.442413241245599,-7.296540638143171,-2.5883174047324724,-0.43901040048342566,-1.6826014017098525,3.0900485554252124,-2.7217453284169952,-0.4349412993676358,-1.6412226592883081,-0.2026481935470379,-1.1732845143067843,-2.6161243994460586,-1.7664144285702246,-1.1086179082244438,-1.2235101413007223,4.249559569176397,0.14172603688188268,1.1380759815005081,3.161318562648941,-2.58314354615904,1.3019246734543977,-0.838764581114904,-0.21018854520398644,-1.9018709938728697,1.622221208533138,-1.2666363796136375,1.0195794924460468,0.5279641730072426,-2.8734987304552937,-1.1401602260521155,0.20593187253233047,2.524629134875248,-0.9901488988557912,-0.05610131036884569,3.8404657520803016,-0.7388750449471315,1.897058208414796,4.540979293023527,2.750010746826483,-3.8669635694628637,3.132007322365695,-0.3638825741730125,-1.1697917057366425,1.001272861012973,2.593753464685724
rnd 	java.util.Random@6504e3b2
numHidden 	5
numGenes 	48
minGene 	-3.0
maxGene 	3.0
popSize 	200
maxEvaluations 	20000
mutateRate 	0.04
mutateChange 	0.1
tournamentSize 	6.0
crossoverProbability 	1.0
seed 	1585931060327
random 	java.util.Random@1c4af82c
neuralNetworkClass 	class coursework.ExampleHillClimber
Training Set Training
Fitness 0.008768492981690796