-2.3616195988996855,3.120002354588328,-2.102313877728781,-0.7197808798861698,-0.9477129040804124,1.8252387021035172,-1.5946981240647438,-5.726454473270929,-0.5319225057021812,-4.596817974412367,-2.7005706449161746,6.666364283793014,2.446521762777035,-1.6679871587274837,1.372981470449286,1.1796588825037384,2.76996619750964,-0.5729725393003557,-5.105025783213392,-7.355795417815344,-1.4692714370039317,2.1272936009145216,2.4153337358983977,-1.7820797782861133,-0.8195963003807378,0.5964684243906282,0.34897960443943266,-0.06560428672859864,-0.32536562550122605,0.8798754116520175,-2.3936898811675222,-0.5730338675175064,2.9058912637619105,2.7874020802271913,-6.549163227041128,0.5353463360736876,3.4071779899230936,2.058970687431569,-2.132090677024067,-0.843921783013287,0.4983521831601694,-2.0947406913911646,1.4762972308371642,0.6524369948969206,-1.914369411345964,-0.44052237459688914,2.5602276721109547,-1.8865949040948908
rnd 	java.util.Random@6504e3b2
numHidden 	5
numGenes 	48
minGene 	-3.0
maxGene 	3.0
popSize 	200
maxEvaluations 	20000
mutateRate 	0.04
mutateChange 	0.1
tournamentSize 	6.0
crossoverProbability 	1.0
seed 	1585917950464
random 	java.util.Random@1c4af82c
neuralNetworkClass 	class coursework.ExampleHillClimber
Training Set Training
Fitness 0.00771101890773687