-1.7360939966195992,-1.080816413982163,0.5315304440651056,-3.5885178398371314,-0.3351606840731396,1.4399141824153219,-2.189746136771771,0.7416749619563383,-0.8424587605859521,-2.2855973126694495,-1.798169135081998,-3.736252965229684,0.828708482778814,-2.759296531149685,4.453147361551619,5.341913618370199,-2.3139442207842116,4.200281058890724,-5.591543355725937,-3.3027477802675813,0.6371511929484024,1.0903222646197914,-0.5461941079377235,-1.2797697653172895,-1.0676588452204312,0.3767988878058812,0.4617273670306101,0.08340531287011732,-0.21952373638030664,0.34743604535387185,-2.0585772413813404,1.7375933053506873,2.876104582344402,0.8563434874755935,-0.2529976605876878,-1.7459731954893183,1.346180621760947,0.05965749734101866,0.5359114553685571,-3.080055128637172,1.7191069567387056,-2.8207405752041597,2.1465782862915495,-1.4268372218613803,-2.1575006071791782,-1.6518593730504427,0.12670736746305167,-0.8856197104414703
rnd 	java.util.Random@6504e3b2
numHidden 	5
numGenes 	48
minGene 	-3.0
maxGene 	3.0
popSize 	200
maxEvaluations 	20000
mutateRate 	0.04
mutateChange 	0.1
tournamentSize 	6.0
crossoverProbability 	1.0
seed 	1585933699728
random 	java.util.Random@1c4af82c
neuralNetworkClass 	class coursework.ExampleHillClimber
Training Set Training
Fitness 0.005868721896502607